аа
209
139
0
аб
381
173
0
ав
383
322
0
аг
237
412
0
ад
115
267
0
ае
675
169
0
аж
677
312
0
аз
835
445
0
аи
985
316
0
ай
953
166
0
ак
791
99
0
NodesReady
1
209
139
209
139
0
1
115
267
115
267
0
1
237
412
237
412
0
1
675
169
383
322
0
1
835
445
677
312
0
1
985
316
835
445
0
1
953
166
985
316
0
1
791
99
953
166
0
1
675
169
791
99
0
1
677
312
675
169
0
1
791
99
677
312
0
1
953
166
675
169
0
1
791
99
985
316
0
1
791
99
835
445
0
1
985
316
675
169
0
1
835
445
675
169
0
1
835
445
953
166
0
1
677
312
953
166
0
1
209
139
381
173
0
1
115
267
209
139
0
1
237
412
115
267
0
1
383
322
237
412
0
1
381
173
383
322
0
1
677
312
381
173
0
1
237
412
381
173
0
1
237
412
209
139
0
1
115
267
381
173
0
1
383
322
209
139
0
1
115
267
383
322
0
EdgesReady
